Ht=[  -0.1514 , -0.9829 , 0.1044 ,    5 ;
     0.9810 , -0.1364  , 0.1377 ,    -8 ;
      -0.1211 , -0.1211  , 0.9850 ,   2 ; 
      0 ,            0  ,     0 ,     1 ]